264.40
146.98
269.60
137.12
269.60
129.58
270.80
206.80
190.60
141.60
162.00
129.00
103.78
245.20
110.74
270.00
253.20
192.04
260.80
245.60
174.80
116.82
193.30
97.40
252.00
198.30
217.60
120.60
175.20
255.20
154.40
164.00
162.80
176.80
106.10
110.74
169.60
123.78
241.20
163.60
119.72
185.20
109.00
196.10
118.56
118.56
262.80
169.60
193.78
138.80
249.60
215.82
152.78
253.60
216.40
177.60
262.00
157.20
116.24
251.20
121.46
122.12
135.10
164.00
255.20
208.28
145.60
246.80
262.40
264.00
140.00
175.80
128.42
270.00
112.48
232.00
142.92
174.80
167.60
92.76
113.64
113.06
114.80
146.40
178.70
258.40
177.20
127.56
163.20
143.20
179.80
147.20
230.00
165.20
156.40
187.98
180.00
210.40
203.06
160.80
1044.98
1207.96
1173.73
1302.18
1423.06
963.08
1155.58
1255.40
1077.99
1169.93
1063.14
1173.40
1414.33
1254.68
1447.30
1150.54
1000.17
1054.97
1305.20
1117.03
1289.74
1259.19
1222.88
1353.97
1137.24
1259.73
976.19
1079.99
950.47
947.06
1183.95
1276.18
1209.59
991.34
1180.87
918.26
1230.97
1398.46
1169.85
1119.69
1058.65
1272.76
1371.18
899.46
1203.73
1387.42
1255.49
1239.63
1034.00
1183.16
999.20
1232.54
1332.28
1230.53
1111.76
1231.46
1387.83
1276.47
939.39
1054.82
1343.96
820.19
1337.23
1228.69
1194.03
1413.42
957.64
1004.74
1296.40
658.95
888.32
1100.81
1126.13
1110.11
1126.67
1420.75
1248.91
1046.10
900.12
1145.74
1240.74
1149.39
1243.45
1300.40
1221.00
1190.26
1162.43
1034.67
1234.15
1230.11
1203.21
1366.40
1168.01
891.80
816.37
1361.70
1171.49
804.77
818.40
1161.59
1443.52
1240.10
1930.55
1357.87
1181.71
1654.03
1568.92
1262.80
1329.05
1876.69
1284.91
1593.27
1357.95
1469.81
1378.42
1523.50
1004.19
1595.87
1580.18
1666.01
1338.14
1811.36
1645.49
1487.21
1904.93
950.01
1566.71
1119.70
1475.83
1454.42
1029.34
1303.01
1610.82
1360.19
1269.63
1396.09
1487.47
1084.10
1466.36
1283.06
1499.63
1184.88
1245.96
1075.25
1440.90
1523.24
1395.91
1556.23
1288.17
1898.17
1546.33
1516.04
1464.15
1243.46
1538.40
1388.54
992.65
1207.31
1756.42
1544.66
964.99
1466.86
1578.37
1574.71
1031.26
1522.22
1875.30
1434.91
1861.35
1476.35
1399.79
1485.39
1056.41
1283.93
1160.91
1410.93
1575.31
1534.66
1094.29
1424.31
1419.73
1368.20
1715.05
1502.59
1047.40
1742.30
1420.83
1412.74
1420.46
1350.87
1767.46
1128.54
1422.36
1569.88
1496.17
933.15
1445.86
1610.80
1320.77
1413.19
1383.33
1020.30
837.70
966.40
1118.88
965.92
780.34
1169.11
1082.87
1165.08
845.56
1115.43
1237.46
817.63
1190.65
991.00
1214.85
668.56
1196.35
790.40
1283.37
951.80
931.55
889.27
913.98
816.25
1427.05
1082.86
786.00
1090.12
627.96
684.12
813.74
1453.84
1218.41
897.65
894.45
630.09
1154.83
1244.95
698.49
927.08
1225.89
1379.12
1023.63
1177.88
1283.94
632.87
813.20
1302.51
1198.59
1165.57
832.36
1297.70
872.82
822.74
1141.03
1148.78
808.10
780.35
870.67
1186.32
1164.15
1113.33
637.63
1277.54
1491.41
781.09
782.30
818.87
1152.11
1174.93
1153.83
1057.82
1271.94
1137.17
1138.06
827.28
893.73
1344.28
881.90
1184.32
833.49
623.70
1356.31
993.44
1453.06
505.52
1060.30
1392.34
881.02
1168.04
705.18
1129.50
1195.17
1147.63
922.42
1032.61
1144.12
1098.77
1455.14
697.47
1309.34
1449.99
1041.94
785.19
1428.52
1036.74
772.70
1536.14
867.39
1211.59
1246.74
1040.74
1175.14
827.92
1562.59
584.09
1533.79
536.64
1246.89
772.89
921.94
1137.49
958.29
995.79
1479.99
1053.64
589.64
1574.99
631.69
885.69
1383.49
1190.64
876.49
1687.95
895.24
1050.54
1147.74
1140.89
1120.74
1353.59
864.74
742.59
784.83
1408.99
614.84
1277.04
1601.74
775.37
505.75
536.09
572.46
758.95
1212.73
904.43
1038.55
894.79
641.96
715.38
1071.56
1024.93
1100.66
1057.53
1318.58
679.96
1111.99
1199.19
1219.03
556.91
816.73
1133.84
1193.19
1159.84
987.64
1070.04
1194.48
1309.94
1136.94
627.92
879.65
957.32
541.15
578.80
1039.39
865.05
1368.32
1109.07
815.38
1344.58
673.79
623.57
639.82
952.19
612.18
565.03
1202.08
1121.93
1060.41
902.30
1178.15
1096.36
799.50
511.64
1205.47
510.09
1049.28
814.92
1099.34
697.73
1094.02
781.01
859.72
628.88
537.34
1013.30
851.37
1277.73
1097.89
647.86
1220.37
981.09
1249.87
631.00
725.90
625.92
781.00
742.81
1139.26
601.46
881.36
1108.57
747.44
822.37
538.36
742.88
1308.21
572.97
1235.88
791.37
747.76
1173.55
1078.68
433.43
647.36
620.59
1204.14
1280.15
622.60
1030.76
959.97
1063.23
963.27
1207.89
1106.96
803.37
1090.02
1023.29
1302.99
929.38
1181.76
1128.89
1347.20
962.02
931.80
1115.04
1089.63
937.96
1334.14
1397.51
958.77
801.74
1055.83
1245.26
1149.15
1117.39
926.53
1085.66
1356.44
815.36
1040.30
1080.73
954.70
818.94
1195.41
950.86
1408.31
1336.04
1206.86
1418.22
937.99
1312.61
1393.65
973.92
1147.30
971.24
1136.70
1398.03
1183.24
1084.26
955.98
947.43
1218.13
1113.97
914.47
929.65
1040.19
782.99
1139.78
950.78
1101.63
1343.30
1072.44
1184.21
918.55
1074.78
1202.17
1111.34
1057.18
876.63
1232.11
757.86
1096.93
823.81
1240.48
1124.90
1448.40
926.75
1246.50
1168.68
1190.56
931.67
1119.14
974.92
1277.00
955.78
1034.54
1118.36
1082.34
1060.68
795.17
1182.78
936.96
1371.54
1397.90
1193.71
863.79
1360.34
1134.75
981.74
1119.17
1247.15
1413.83
1383.63
1208.85
1446.02
1399.88
1310.94
1283.94
1270.88
1188.21
1302.11
1104.06
1303.03
1410.79
1415.33
1376.53
1399.66
1132.37
1157.07
1125.02
1106.46
1245.75
1256.59
1405.75
1242.00
1233.79
1198.53
1130.75
1289.84
1395.93
1380.40
1296.40
1301.42
1283.83
1391.74
1147.72
1428.29
1458.23
1135.11
1115.32
1430.41
1289.13
1112.50
1109.50
1438.00
1225.03
1390.90
1453.19
1208.15
1167.68
1158.42
1227.33
1243.74
1443.32
1134.35
1258.91
1171.51
1230.30
1233.62
1235.78
1233.11
1208.39
1138.63
1261.50
1160.76
1304.91
1192.21
1456.41
1151.97
1454.44
1239.87
1238.17
1296.79
1408.71
1208.84
1215.08
1275.35
1414.12
1217.06
1407.45
1212.91
1366.40
1449.85
1148.21
1124.15
1174.19
1207.73
1214.35
1296.91
1167.69
1273.32
1437.86
1110.72
1405.94
1372.70
1189.77
1280.25
1164.78
1140.12
847.15
730.35
1261.21
1472.43
809.36
821.79
1412.32
1471.07
786.37
1700.63
1682.04
1148.93
1702.91
1095.72
1233.85
1750.90
1426.45
1224.75
1590.23
1910.66
961.32
1745.49
1469.56
1611.75
1735.94
1225.92
1009.62
1180.31
1658.38
1586.34
1569.71
993.94
1958.14
664.42
1047.22
1589.61
1031.33
1613.78
1413.97
551.27
1433.70
1681.50
1659.47
812.36
814.40
1451.73
1730.36
809.87
1422.89
894.14
933.61
997.55
1706.58
1669.78
1276.21
1558.01
1562.06
1252.86
709.95
1765.38
1500.80
1520.79
636.10
235.28
1513.32
870.82
1539.95
1614.81
849.90
1192.87
1772.17
840.17
1087.19
602.32
1019.24
913.98
1587.49
1096.31
729.19
1326.42
1631.62
1380.49
786.00
1212.47
657.50
1893.20
1037.73
1077.19
1134.09
1583.49
1526.98
805.72
1690.90
849.94
1206.06
1325.53
1430.98
964.30
888.87
1294.96
1863.49
1205.12
1036.15
1620.19
1315.29
1122.34
1265.49
1163.75
828.25
1468.40
1712.06
756.56
1290.25
1069.40
888.05
1624.78
1824.47
1157.93
1598.14
1055.25
1061.26
1768.18
1143.23
1311.21
838.25
1593.51
1578.14
1363.02
879.20
1628.69
562.62
1416.27
1075.33
657.73
890.73
770.00
1298.60
714.34
1091.52
941.26
765.66
945.25
853.03
1623.80
1191.30
1534.26
1624.87
1281.97
1054.48
1539.02
1079.58
1415.16
2011.24
1593.53
1363.26
851.66
1031.82
750.43
1277.80
1427.97
1663.57
1001.46
683.75
940.29
1334.27
1702.66
1258.17
1273.08
1515.79
1664.66
2017.63
1510.36
1098.41
2114.08
715.98
968.15
1392.72
1616.15
1147.18
1358.39
1421.77
1583.43
1530.82
1311.08
1358.02
1039.28
642.25
816.52
947.02
1746.55
1711.94
1962.56
1319.35
983.09
1120.55
1127.87
1345.27
1097.81
901.00
1380.43
1223.85
945.68
1499.35
1106.80
1213.61
1394.03
1177.01
1230.14
1028.85
1713.25
1082.04
1876.79
1488.88
1205.50
1420.38
1770.82
1413.84
1612.45
1217.27
1517.70
1210.91
1790.25
1284.70
1431.99
737.68
1102.28
1132.11
759.03
1036.81
1954.64
955.93
1578.32
1643.12
1130.99
1681.99
925.02
1968.91
1749.80
1740.63
1541.07
877.00
1102.01
1491.49
1243.86
1728.23
1907.00
928.43
1220.95
1452.34
1296.94
791.18
949.01
1644.12
1003.50
1509.80
1662.64
1013.90
1626.18
1256.84
1632.06
1649.66
1567.50
1017.37
1010.05
1016.92
1105.11
849.68
1110.77
1482.26
1506.88
1291.49
1413.67
986.36
1475.86
1134.27
1614.90
1466.16
1464.09
1447.90
1162.59
1009.45
1357.63
966.26
1167.07
867.83
1078.88
1144.34
1107.52
1407.93
1124.19
1039.80
1176.17
1661.60
1456.50
1354.09
1253.56
856.96
1739.50
1178.69
1188.15
1197.94
1819.28
1158.38
1542.50
873.40
1779.37
1985.78
1192.99
1422.75
1493.09
1548.58
1513.50
1306.00
1137.35
1265.72
982.54
1455.77
1117.01
1500.89
1255.23
775.64
1127.73
729.90
1506.08
929.11
922.42
1348.21
905.85
1596.63
1168.19
892.00
1851.83
1121.53
1376.47
1349.97
686.90
1399.53
1722.61
1473.00
1080.00
1496.66
1161.69
1306.46
1575.67
907.19
888.35
394.50
1402.00
1589.50
1538.75
1311.70
1201.71
1513.18
1174.75
2080.67
1571.79
1319.91
940.45
1272.06
1633.71
1968.99
1122.98
1245.30
2076.85
857.04
1069.85
1533.53
1021.51
1539.87
1607.38
884.40
1545.30
1664.90
1074.54
1163.25
1198.82
1302.72
1160.50
1081.53
1071.76
866.80
1464.29
1390.35
1420.11
1082.16
1018.70
1410.46
840.72
1471.03
1579.42
1167.63
1418.79
1366.90
1286.78
1284.03
1396.68
1142.59
1036.52
1545.84
852.18
1178.39
1102.68
425.08
1638.50
840.32
1178.84
1307.60
1205.14
1539.49
1088.89
852.20
1732.37
932.32
1069.18
1136.34
1538.72
660.22
877.89
1292.94
1286.68
1313.31
1088.85
1629.27
1112.03
1499.38
1309.83
1525.53
1228.94
1535.39
1439.12
995.30
1043.50
968.50
1279.39
2056.56
1564.89
1125.93
1097.64
1690.23
1525.08
1504.06
1450.32
1344.82
1516.25
1447.43
1718.99
1606.40
908.30
1659.65
1390.58
1382.91
1581.36
889.60
1588.86
1026.59
686.68
1894.91
1100.11
1501.99
934.00
1494.64
744.84
1653.69
877.07
1257.99
1496.72
546.65
1431.07
1441.78
741.56
1560.85
1276.59
1136.06
1510.61
1107.05
1544.34
1023.30
1115.34
1080.04
1202.54
943.26
1695.14
1226.61
1735.93
1507.56
673.59
1291.50
984.93
892.39
1054.07
664.84
1825.68
918.84
1376.83
1503.80
1229.98
1472.97
1663.03
1303.53
867.43
1566.84
1116.83
1331.74
825.69
1043.42
1434.93
1215.18
1473.99
1189.35
2055.19
1215.89
647.20
1534.86
1543.40
1306.83
1428.20
1555.32
1279.32
1202.55
1127.19
1088.83
1014.85
1108.22
1546.61
960.42
1424.53
1449.76
1271.59
1302.52
982.83
945.23
1287.55
814.09
1229.98
1753.72
814.48
1597.97
743.45
595.41
1808.77
822.48
1592.36
1141.55
1429.26
991.56
2057.53
1150.87
1091.73
964.27
878.78
1652.33
839.68
1362.60
977.42
1452.57
1702.23
1677.44
2057.18
973.75
866.22
1711.97
900.30
999.34
1532.57
1646.36
1622.56
955.39
1133.74
1144.74
924.80
1538.94
1173.16
931.72
1506.35
1078.16
1107.17
824.46
1238.45
812.88
976.13
970.21
1594.40
1632.52
1702.01
1262.21
1007.93
1080.43
939.51
1333.58
887.77
789.14
822.80
1176.76
1168.25
1208.45
1444.80
1550.59
1813.42
790.80
1395.24
1546.68
1095.05
743.48
945.17
1594.86
1518.79
1173.84
1680.19
751.73
1508.41
1293.26
901.36
1126.87
1320.06
1140.30
1189.46
986.46
1182.90
1190.16
1526.20
1433.94
1556.55
1381.29
1765.26
1952.23
1319.74
1077.47
1040.60
1267.35
1137.04
1106.49
845.33
1344.58
1063.18
1196.13
832.72
1538.79
1154.34
967.70
1051.67
1178.05
1692.87
1835.76
1847.90
1541.61
1324.63
1165.33
1464.90
1158.39
1172.64
1182.16
1264.68
1512.97
1608.75
1219.84
809.71
1850.59
922.93
1644.74
542.74
841.60
1287.52
1200.53
1471.27
1182.49
1224.93
1365.36
1096.61
1211.09
1586.72
2167.47
1472.38
1046.65
1690.07
959.94
1421.91
1345.52
1393.60
679.65
1083.84
1186.27
1261.00
893.01
1479.43
1254.64
957.01
1434.22
852.88
1108.39
1544.35
766.16
1649.75
1131.63
1563.91
969.06
1165.17
1109.15
1796.46
863.06
1343.34
1658.99
1544.71
949.55
964.94
1211.18
1456.21
860.56
1334.33
1010.39
582.45
1170.67
1331.29
716.44
1327.53
1759.09
982.58
849.73
1421.94
1696.42
811.18
1800.00
988.17
855.28
1199.14
1475.90
821.24
950.20
1381.20
1246.57
933.98
1609.30
1372.30
783.95
1124.13
1196.57
1517.32
1375.76
880.11
1244.92
723.19
2140.09
1697.76
733.94
826.27
2200.95
1337.75
1133.18
1433.06
1466.98
903.00
1298.08
1467.38
750.73
1580.11
1550.21
1453.82
895.14
919.87
1166.86
1458.20
1612.61
1208.28
1685.13
1081.92
1151.75
1058.81
757.33
1377.81
1638.05
1145.95
969.99
783.70
895.65
823.08
1045.44
1169.36
1597.78
962.79
1244.63
889.91
1206.12
853.80
1845.85
1238.24
1212.34
1555.30
1786.12
1315.13
326.60
1278.41
857.24
1057.35
1491.18
863.14
1392.68
1448.61
1355.09
2006.29
1087.65
539.25
1154.80
1523.29
1602.84
1218.18
728.62
1085.18
454.37
617.20
1440.78
1336.60
661.50
871.08
1206.02
883.09
1267.27
1149.48
1449.47
521.02
1066.10
1014.01
1131.73
1455.51
1542.50
1384.02
1268.06
1518.18
1001.63
1663.46
818.61
1366.00
1282.55
1342.06
2031.65
1216.13
1096.60
1135.68
1250.32
1395.49
1835.10
1493.48
796.56
1597.04
1011.75
1398.01
1522.96
1348.11
925.02
1120.25
2168.25
1644.85
1255.28
1532.29
581.46
1406.38
1252.33
1634.56
1085.71
1051.81
1236.34
1181.81
1536.87
1547.48
1604.12
1007.43
1947.37
1540.98
1635.06
1192.86
820.70
1219.39
1297.39
1062.06
1077.15
930.62
1043.81
1328.49
1348.90
1543.89
908.47
883.74
1104.81
1387.02
1009.73
1685.75
1226.59
1557.62
693.09
1095.43
1054.33
1333.07
1371.97
1420.02
1216.11
1447.47
737.80
971.60
1174.34
1730.39
1454.40
1087.80
1130.82
1117.02
1598.77
1763.95
1641.72
1332.83
735.00
1576.33
857.65
913.07
1100.68
1347.53
625.85
1165.01
1466.06
2033.60
1175.91
1002.12
823.84
1168.02
1000.86
1525.90
1027.00
415.94
1153.55
866.28
1334.80
1301.46
1278.49
826.90
1355.19
1660.60
1205.77
977.98
2015.01
1454.14
1252.14
1117.91
1464.86
1379.06
1180.28
573.70
794.32
1527.81
1116.53
1445.20
1120.98
971.44
1663.26
915.84
1199.33
915.36
1777.86
941.56
1567.68
1737.98
767.12
1492.28
1512.55
833.06
896.73
681.49
876.99
1389.07
1656.21
830.10
1094.94
703.51
1680.47
1521.94
1366.28
1522.05
863.31
853.20
1012.34
1279.47
1043.14
1182.48
1546.01
1573.55
1494.47
1306.62
1522.14
1398.08
1297.28
979.90
1260.72
1065.08
1068.75
1523.80
1187.96
1945.96
1600.29
1390.09
1933.37
1550.25
1426.04
1050.26
1404.47
812.24
913.80
1225.96
1562.25
670.53
1437.33
1211.77
1473.61
1090.70
1568.85
1648.56
1444.58
1642.26
1768.00
1377.54
1258.18
1781.81
1598.56
703.69
1120.58
1401.81
1760.10
1555.59
1132.74
1747.43
1224.26
940.23
830.72
1452.36
1258.46
731.75
1280.57
1048.97
1022.91
1523.79
1529.63
1088.18
565.84
1271.14
1217.64
1681.00
1578.37
1501.75
1142.43
1174.25
1580.61
1016.56
909.64
1019.05
1253.14
1249.62
1027.72
1456.53
1959.21
1109.32
1788.68
1374.95
1304.15
993.91
1156.05
1622.00
1120.92
1502.00
792.51
1518.07
1186.25
1504.92
1201.15
1366.80
921.47
1582.13
1364.85
827.92
1031.45
1106.39
1222.76
2040.89
1483.47
1182.82
1053.01
1358.74
1442.48
1326.77
833.27
1244.26
1392.42
916.87
853.67
854.62
517.25
1144.80
1145.57
1049.65
701.71
752.40
704.72
1396.67
552.74
929.71
1386.77
1387.68
1934.13
1083.79
1305.52
1406.38
1043.98
1291.30
1079.73
1109.07
1545.60
1311.76
1266.16
893.95
1549.58
1472.54
858.64
764.61
1194.59
1537.11
1418.29
961.31
1440.88
1437.56
1531.12
1752.39
904.35
1382.46
1544.69
922.42
956.50
948.03
1072.77
1038.09
827.45
1268.34
1650.27
1305.92
921.79
1107.83
1224.28
1085.41
1685.42
1110.50
2233.20
1317.29
951.13
1509.88
870.27
1011.78
1602.59
1209.08
1327.40
1075.86
1589.04
763.10
1327.80
1370.72
903.55
749.30
1453.06
953.77
1798.59
794.69
546.53
991.76
1416.67
1974.99
927.05
1779.24
1512.52
2055.04
1457.20
1029.70
1281.74
709.02
1545.13
1202.98
678.77
1385.10
859.38
1465.84
1473.71
837.93
1342.56
1251.06
1119.67
1533.52
767.61
1042.21
812.37
1838.98
1905.43
1226.55
640.00
977.23
1827.90
94.50
904.95
1655.70
993.33
809.43
1571.88
1214.09
846.61
876.45
1487.51
1504.27
1309.24
1126.95
1632.14
827.67
1906.88
1884.38
1237.52
1075.81
907.80
1286.62
2319.44
1019.25
1518.76
1125.26
1899.35
1152.14
706.77
1624.60
1850.81
995.00
922.16
1016.57
1570.04
1076.06
1384.00
1214.61
1475.46
1166.55
1417.66
1509.51
652.96
344.01
1027.33
1170.01
1557.50
1136.96
1343.53
1278.10
1621.27
1447.03
1543.80
665.94
2276.76
1120.52
983.77
1085.05
1541.72
918.14
1607.16
1134.18
1411.04
1060.03
1090.03
1166.68
1197.44
1133.75
1271.54
1811.27
519.10
1579.10
1018.33
850.13
717.08
973.21
1446.22
1035.33
1563.89
1487.86
1439.33
1152.19
1012.46
1527.83
1734.99
1158.25
749.22
1069.73
1246.95
1186.55
1156.21
863.26
1502.25
682.70
818.62
1531.03
1228.00
1493.69
1056.47
912.75
1850.09
1934.15
1231.29
1103.87
1605.73
1026.41
636.78
1629.59
1897.89
1518.24
1429.79
1095.65
1116.12
804.38
1455.55
1424.31
1171.73
1577.90
988.75
632.49
1138.52
989.70
1864.96
1169.56
1525.41
1132.03
1854.45
1712.86
1414.17
1642.96
700.47
1573.31
1093.18
995.82
844.66
1497.38
1229.71
1559.65
1565.55
899.95
1103.15
1047.10
1467.55
1924.30
1054.08
1334.39
1118.17
691.31
1404.50
1129.21
981.34
1068.02
2088.07
785.68
1542.95
959.71
1826.70
839.63
1954.22
1636.69
1824.78
1616.52
1339.26
1419.15
1205.07
1555.36
1173.54
1692.65
1400.79
1265.44
1244.51
1348.49
1280.84
1371.70
1448.04
1509.43
848.67
1174.77
1035.79
1468.53
802.07
1216.49
1041.31
1502.22
1613.78
665.26
1315.27
1487.30
1538.76
922.91
897.73
831.28
1266.20
1432.56
1682.36
1109.06
1394.22
1108.26
942.23
993.17
1083.83
1108.44
1351.32
390.25
1390.55
1122.36
2110.76
1203.80
1416.99
1550.89
898.01
1157.56
1342.21
1092.85
867.48
889.27
838.48
1139.04
1593.00
1748.17
1484.86
1368.23
1149.37
487.00
1209.28
866.24
1255.82
1110.84
832.84
1248.12
1060.72
1447.24
1065.20
1511.44
958.89
1722.14
1165.62
887.17
1437.20
1223.02
1174.59
1709.47
1277.97
1656.77
2323.03
1518.94
1144.76
656.95
1097.08
1115.18
1535.77
652.92
1507.11
1595.05
1172.31
1407.93
1202.39
928.72
1295.78
913.20
256.72
913.54
1205.15
1975.97
1402.31
1701.76
1307.53
1894.86
1038.10
863.53
1493.62
1339.03
819.77
1157.32
1214.94
1362.94
1684.80
1351.77
1219.54
1894.26
1273.89
943.88
1221.19
721.55
1617.34
1338.93
1523.35
1782.37
833.84
1507.19
244.34
1617.64
734.54
1522.10
1496.86
757.80
1442.90
1625.00
1039.06
1020.43
865.88
1110.84
1925.51
1032.04
996.85
1494.84
1091.37
1615.06
1332.32
1193.20
363.77
1489.24
587.10
349.60
1761.60
1309.48
1457.01
1140.34
1290.56
1565.48
1031.53
914.81
958.96
1567.93
1389.42
1053.40
918.03
1463.40
1140.60
1003.05
1329.59
1080.80
1984.57
979.31
1193.29
1463.31
1450.15
808.50
736.15
1282.99
1489.41
1053.23
1249.95
1323.83
1079.73
1696.12
995.11
1620.54
913.83
1578.09
1564.72
1258.77
1156.83
995.89
1162.14
2319.07
1542.00
994.16
1418.50
958.20
1290.46
717.62
839.00
550.60
1291.16
1490.89
1470.49
2020.17
1332.93
838.49
1506.98
1064.96
1326.30
681.85
1056.01
1107.34
770.46
1012.50
939.12
995.87
1381.89
1906.20
1156.74
644.71
947.68
1702.06
834.96
1506.82
1504.44
888.20
1264.33
1501.93
805.75
1355.41
1310.80
1190.40
1505.45
1299.36
1171.28
2204.52
1492.85
1160.15
787.19
1673.71
1393.56
1520.40
1429.43
1287.24
1535.91
1632.59
1784.63
1243.40
1277.09
1098.96
811.28
775.76
1192.02
944.44
965.73
363.60
1273.85
1658.13
1928.23
1403.58
1613.82
1428.30
1258.58
1171.91
1115.08
1179.77
880.15
1261.44
1428.06
1379.18
1139.47
961.31
1513.00
2078.22
1335.64
925.31
1378.19
926.10
1700.28
866.00
1377.63
1039.20
1123.07
1177.32
1668.28
986.49
1139.43
998.05
1034.50
2262.03
909.75
1414.22
1544.53
1206.33
1124.69
1550.09
989.88
1373.24
1144.65
974.57
1215.36
1416.56
1202.39
1147.64
1099.71
1071.09
1181.46
833.87
1527.00
846.07
1179.22
1914.22
870.02
1493.24
1201.48
1058.16
650.11
1868.76
906.09
640.35
426.40
1519.61
1456.26
814.67
1247.41
1672.35
1282.10
1237.11
1635.90
974.79
1241.50
1171.52
1077.79
1616.84
1475.05
719.84
1707.15
1105.69
1029.00
1377.21
1810.67
930.45
1524.54
1372.34
1184.40
1339.69
1468.12
1241.86
1075.62
1173.04
1607.51
959.55
1238.17
1321.00
1063.28
1247.69
1612.45
1362.54
1180.61
986.76
1077.86
1465.79
922.91
1776.68
747.60
1638.79
1103.97
1198.37
1413.94
1457.71
1463.34
1689.52
1391.78
1306.16
1476.52
552.15
1760.48
1691.83
1700.85
1393.48
2227.17
1199.95
1236.60
1606.30
485.00
1095.40
1345.53
770.75
1684.24
1956.29
1251.86
1263.87
1078.61
1469.73
804.24
1246.00
2153.30
1175.64
1009.40
1657.06
1284.40
1164.02
721.22
900.96
882.43
1335.44
934.97
865.20
1013.28
1220.12
1148.38
1522.91
949.51
1617.78
1234.69
1091.82
1385.92
1484.21
687.02
616.87
1378.13
1614.33
1385.90
1225.08
1295.56
907.88
747.49
1455.25
1024.48
1202.10
1214.27
1710.91
1815.60
1078.24
1283.65
1771.04
1300.19
1862.41
1698.41
1402.62
1199.38
821.84
1561.76
1539.35
1292.14
1517.53
1101.49
1216.72
1075.37
1746.05
1205.12
964.41
1067.84
1272.03
1264.08
1352.97
1518.22
1757.57
1468.71
1315.63
1482.19
1557.46
1165.75
1232.06
779.40
1409.54
1192.30
1695.16
1655.04
707.42
560.28
1379.74
1655.60
836.66
1616.57
873.69
1309.39
956.54
920.78
1619.63
880.84
663.09
1622.61
1394.29
1201.20
1217.50
769.77
1284.96
1238.69
1652.41
929.89
1312.33
1087.73
1544.64
1475.45
1407.37
1630.01
1584.55
549.07
1389.56
1513.81
1427.90
598.22
862.67
1469.59
1519.93
1796.13
1127.20
975.46
1682.95
1517.87
1456.73
1497.72
1150.83
1265.31
1964.15
974.95
1086.65
1518.93
988.75
893.84
1529.40
2281.69
1648.31
1561.61
1783.80
1688.00
1376.59
1162.00
970.74
1133.35
1212.26
921.83
1082.12
1276.05
1183.85
1106.76
1972.51
1066.84
1367.39
1537.07
986.79
1176.67
786.59
719.05
657.06
1123.28
1263.88
1299.20
1094.24
1535.02
1054.70
1398.70
1384.43
509.33
1081.52
1074.72
1219.85
1021.30
768.93
1128.12
884.11
995.15
1254.82
1511.94
1131.28
1155.64
1431.13
2044.18
1035.62
701.13
671.76
741.63
1995.83
1789.66
1552.30
1015.43
1046.81
971.24
1206.23
1684.12
1378.71
1469.48
1319.37
1032.67
1178.62
1006.86
1127.49
359.05
1578.12
1475.38
1557.21
1232.71
1333.88
1108.73
742.04
1637.46
1272.77
1150.17
817.18
1439.54
1938.31
1414.07
907.01
1479.52
1539.53
511.75
1511.07
1407.16
1149.19
965.04
1631.77
1895.85
1047.87
1221.32
1233.19
939.12
741.20
1521.19
1394.13
809.59
1601.11
1148.98
1238.27
1447.11
2064.30
1085.04
1077.24
1646.79
808.98
643.90
1716.23
799.44
594.18
1312.47
511.44
1165.63
819.50
1345.01
1352.71
1510.86
1071.79
876.00
663.47
1275.51
1439.98
1600.88
1239.79
935.10
1645.70
1298.30
1069.81
1030.01
1412.24
1233.52
455.09
1814.70
1180.60
1123.64
841.10
712.39
1601.90
1217.43
769.36
1562.16
1160.18
1448.61
1363.64
964.78
1080.72
1379.14
1266.41
1377.95
1954.73
916.59
1743.82
1216.12
1397.83
1109.40
1495.89
1367.93
1121.70
915.69
1079.94
1450.30
1119.84
1421.25
1092.12
1076.33
1269.69
740.46
1247.40
815.08
1561.45
787.50
1142.57
1517.19
1632.86
1682.56
917.08
1119.10
1087.52
1277.16
916.82
1047.53
1234.09
1274.97
865.00
1533.17
907.15
964.82
1140.75
765.68
1462.47
1524.78
868.60
925.61
1638.72
913.37
1483.06
1634.05
1573.26
1344.36
921.45
1084.22
768.20
592.44
1329.52
1582.49
1161.95
1153.43
1819.05
1097.21
1577.84
1204.90
1547.09
1041.09
1357.49
1333.44
1034.44
771.37
1418.99
1781.08
1445.64
1615.87
1002.96
1703.60
1754.23
793.54
878.75
1082.28
1235.70
1586.96
1446.86
1154.45
1587.55
1199.78
1507.65
907.11
1051.96
1693.49
540.44
892.25
880.92
1099.57
1729.18
1738.17
1414.13
970.47
1359.26
1958.62
907.37
1488.67
1392.88
1330.28
733.94
1462.51
1087.26
958.14
1448.11
1704.77
949.13
1219.78
809.12
1159.31
1383.97
1875.44
1525.42
584.52
1047.54
891.23
1186.84
1070.65
1988.72
1302.45
1610.72
1601.78
1106.60
908.12
1348.41
1055.13
1473.78
1874.87
1079.34
1629.81
1783.12
2048.19
1095.78
886.02
1011.68
1248.74
1681.16
1124.42
1726.17
1411.10
2059.52
1088.36
1446.45
1608.58
1188.06
1413.57
1419.68
1674.76
1016.74
1341.33
503.83
794.05
1365.20
1010.15
1184.75
1331.91
1183.87
1486.37
1328.11
1805.47
828.60
1639.65
1789.46
1121.21
940.81
1032.79
1294.55
1510.36
1780.91
1409.26
893.83
1611.82
1269.72
1615.68
1519.82
1640.85
1233.15
1005.84
1459.61
1397.24
1171.72
1169.22
1182.97
865.44
1222.60
784.74
1269.87
983.63
1017.93
1223.21
1413.58
1057.47
1565.51
1599.09
2094.17
539.93
1122.64
742.11
877.35
1612.89
1095.19
1391.60
1530.54
686.03
823.90
1602.15
1454.02
1632.77
1458.52
414.00
991.13
1236.84
1265.82
1236.58
1102.05
1065.84
1281.26
985.53
1033.93
653.20
1089.51
1205.23
1622.12
1479.10
1527.06
1114.37
1273.10
1163.08
1702.92
785.30
1208.50
1152.77
1038.51
978.08
2268.08
1566.69
1114.15
1099.98
1149.92
1654.29
1379.67
832.63
1470.79
1235.51
1039.81
1611.38
1227.44
1597.76
1382.04
1311.01
1494.69
1476.17
1186.21
1216.90
1140.09
1581.91
968.25
2070.42
995.20
953.07
1656.15
1148.63
1105.30
776.18
1119.87
1201.80
786.38
894.30
322.00
931.17
1647.07
685.20
1349.33
1969.40
1609.06
1244.41
2045.33
1555.74
1150.21
1183.43
1607.54
1207.33
2251.83
1031.44
1882.00
1434.69
920.41
1227.52
1273.38
1302.04
1290.30
1279.67
1327.84
1482.32
1075.80
915.96
1355.52
992.84
1259.38
1125.02
1074.11
1077.53
1196.28
1014.00
1162.63
260.25
1136.44
1554.09
1223.56
1573.13
1027.41
1645.50
1219.94
1397.86
1610.96
922.97
1469.65
1553.91
1198.06
1191.69
699.97
1615.92
1157.35
2030.35
570.74
1290.04
1493.85
1008.47
1513.17
1349.96
1241.88
1185.37
1173.23
1613.02
1285.47
1093.26
1512.42
1184.41
953.86
1353.14
1433.92
1463.90
739.87
431.07
1245.68
871.42
1532.29
1300.83
1135.56
966.88
1957.92
1372.64
848.08
1299.83
1884.11
1309.74
1705.91
1010.74
962.90
1042.66
1461.37
1625.90
1427.07
1129.51
1639.21
963.03
984.01
1627.19
1162.53
810.93
1400.82
1863.53
1773.48
1621.26
1099.79
1629.58
1205.50
1577.91
1359.19
1648.05
1606.72
1332.86
964.73
1178.87
1670.46
1439.93
1778.22
1776.54
1095.15
1162.85
1220.83
1045.04
770.80
1012.52
707.21
1584.16
926.00
874.61
1496.64
1063.52
937.05
1018.96
1374.32
593.55
1202.53
1479.66
1116.83
648.23
723.49
1688.74
1097.94
1187.51
2258.90
1362.38
633.52
1611.98
1060.46
1495.70
1757.59
941.95
1493.40
929.89
1053.02
1350.30
1242.42
1169.58
1369.30
1697.16
909.97
2266.06
1509.61
1324.93
1514.76
1616.94
1617.76
1115.67
1010.80
1248.29
912.81
1417.13
1230.87
1489.31
1538.27
1176.50
1727.53
1701.82
942.56
1193.22
1663.15
1690.78
1193.66
1260.30
1128.70
1206.21
1779.30
763.28
1222.83
1737.36
1607.49
1148.63
1691.30
945.50
1021.94
1134.55
1505.78
1733.92
862.98
1120.27
1267.47
797.45
1589.34
1146.47
2002.76
1450.33
774.48
1155.11
941.10
1818.56
1196.94
1636.39
1506.77
892.26
1650.91
1301.02
882.00
931.42
1050.04
1401.85
1261.37
1210.70
1630.25
1215.26
965.09
1549.03
1078.07
1503.00
1185.92
1076.59
970.46
1007.43
1275.63
1514.94
941.86
1197.73
1471.65
666.30
1259.96
1520.58
824.08
1115.96
1411.72
1713.90
1360.01
939.65
1500.56
451.72
976.21
1346.95
1114.80
1121.38
752.49
882.96
852.16
1649.60
1620.76
1280.92
1607.28
1422.51
1456.12
992.88
1557.81
1596.49
1260.19
1430.88
1372.69
1707.91
890.56
1440.83
1743.58
1454.99
1213.37
977.39
1639.67
1428.63
1329.44
1435.51
1303.29
1864.90
992.41
1313.18
927.62
1502.92
1482.41
1976.98
1541.83
1724.99
965.32
1444.11
671.57
1042.47
967.60
1335.38
1589.93
1436.02
1323.58
1003.05
856.73
1604.52
952.34
1024.93
1526.35
1020.62
1222.01
1446.01
923.51
1718.26
2013.87
884.90
1105.64
1291.28
731.81
1365.36
782.63
1778.60
1410.96
820.41
1969.11
291.60
1801.03
980.30
1178.79
1695.34
1745.37
1210.39
836.39
988.49
1500.40
1938.99
1425.63
1073.18
920.21
1644.61
1799.36
1569.32
1303.77
1056.92
818.00
1346.15
818.86
1145.23
1741.33
1876.92
1587.45
1811.00
1085.48
1023.71
1208.87
1628.20
1967.80
1080.98
714.64
1141.27
1505.40
1123.57
1279.15
1388.97
1651.45
367.06
2005.29
1645.34
1691.17
1032.97
1560.21
1270.85
1628.40
1546.12
1643.92
1716.71
1306.17
793.68
1346.49
1306.77
1334.12
1642.75
296.09
1945.95
935.40
735.71
971.06
1022.12
1599.81
1570.86
1620.05
1530.71
1144.03
1721.11
1276.34
2090.67
799.60
1003.91
1354.89
1073.32
1291.15
832.02
1494.28
1767.84
688.64
1265.51
1089.96
1512.60
1468.20
1380.93
1678.40
1408.02
1145.71
801.82
691.00
1112.83
1618.23
1499.73
1255.39
999.69
1341.43
760.08
1631.84
1016.33
818.84
1427.62
2304.74
960.85
1500.57
1836.36
1130.63
1214.76
1016.44
1438.88
805.52
1581.10
846.40
1561.38
1555.05
1122.77
829.66
1331.68
1120.17
1201.56
1116.52
1593.62
875.57
994.10
1873.09
1149.16
1383.28
1070.35
777.68
1514.71
948.31
1038.99
862.48
1518.97
1383.80
1176.54
1302.82
1258.62
1176.34
1146.14
1597.72
1484.66
1272.35
1714.22
1022.37
1683.65
1374.15
1559.40
1647.29
1679.00
2081.16
1249.07
1411.34
1413.06
1546.89
1470.87
1398.50
1981.46
1277.23
827.71
1917.00
852.24
1313.36
2237.16
1063.28
844.61
943.21
832.20
1714.20
906.62
1864.42
1546.62
1327.33
1217.27
1265.77
894.51
1230.59
1536.53
1011.21
1498.51
1059.01
1411.47
1981.26
1731.64
795.51
1069.29
838.80
822.80
1222.22
1463.73
1483.14
1143.76
1480.30
1030.06
1178.96
728.51
1423.88
1222.30
1647.96
988.31
1196.20
1648.77
758.67
1130.23
880.40
1001.27
1164.96
1446.75
879.49
1712.65
1549.45
1113.01
1519.82
819.46
950.24
1806.44
1402.49
1254.55
1492.43
1195.78
786.96
1340.19
502.60
1358.52
1378.10
2014.08
1491.64
1354.27
1478.05
1094.69
1159.40
1707.07
1881.93
731.27
1276.22
818.80
781.20
1865.43
1352.29
1522.04
1412.78
1148.55
1291.59
1319.00
1399.53
999.40
1316.76
769.04
1550.63
975.38
1485.52
1554.61
1033.90
1030.35
1106.34
1458.99
1686.70
1189.88
1713.45
1740.59
1281.13
1592.29
1067.62
1685.77
1424.09
993.96
1195.39
1333.20
1227.47
990.37
1280.86
1468.21
1591.54
1820.18
1152.04
1727.57
1011.39
1387.94
862.05
1025.37
1133.12
896.10
1044.30
1690.02
1148.27
1189.07
806.74
1071.05
1616.56
1407.47
793.68
1071.42
1495.73
1808.14
1137.80
1137.17
1784.31
953.57
518.90
1914.59
1138.94
926.93
1325.01
1285.22
1052.25
1503.50
1151.66
1503.21
1540.62
790.80
1288.67
1255.89
1098.79
1199.94
1970.92
1105.47
808.75
827.08
1683.52
1410.48
1682.07
1383.72
1546.26
773.20
1173.14
1495.90
763.92
914.91
1277.46
868.26
1071.52
1427.52
1533.06
1096.15
962.76
958.93
1412.69
1203.32
1255.42
996.18
1229.85
1145.23
1380.57
1255.70
1728.16
1142.02
1180.90
1640.96
1616.52
1472.90
1409.82
408.46
498.35
1153.71
1330.90
1146.81
1481.88
1264.20
1826.09
826.45
1356.81
783.38
1748.69
964.36
1626.49
1169.64
822.63
1483.36
730.25
753.93
1505.39
1114.41
1058.54
970.07
1542.22
880.00
671.00
1551.78
1684.06
879.63
1267.92
1373.48
1779.95
1206.94
1387.43
1464.37
1060.44
1487.41
1267.40
1276.58
1220.93
1042.99
870.60
786.71
1028.86
1220.51
1545.18
1151.91
1559.39
1254.84
897.59
1527.85
1145.81
1364.26
1079.67
1034.97
1077.67
1870.14
1193.38
1541.47
1364.27
959.74
1335.29
1462.20
1125.71
1845.86
1065.82
1022.85
1175.62
1689.60
1973.01
1336.59
2206.87
1132.10
336.62
1592.46
1942.36
1621.43
1342.19
1177.98
1639.31
1592.92
1368.44
1570.14
966.19
1104.12
927.91
1529.64
1234.34
1162.54
1419.54
1553.24
1268.49
1356.38
1468.40
1549.31
824.62
1358.43
968.36
796.21
1029.37
1917.97
1706.24
1440.18
635.04
1127.91
1007.48
1034.69
2009.01
1316.18
988.48
947.16
1090.16
863.79
1514.50
2027.27
1354.67
702.49
1698.30
1049.42
876.80
730.72
1018.48
1312.22
1446.56
816.64
1491.76
1503.48
1785.24
1205.85
1548.50
1471.57
814.34
1454.32
972.17
1365.92
1641.91
1027.08
1681.69
890.04
1297.66
1148.41
1024.52
1674.84
1426.14
1582.12
1066.58
1240.15
1239.86
1687.27
1150.20
1546.96
1087.37
1778.71
1634.09
1010.62
1039.09
1024.68
853.49
1329.57
1501.69
861.57
1402.24
1427.50
1185.83
1332.88
1469.71
1411.28
1777.49
1181.29
725.45
896.14
1020.41
1086.73
1186.05
1272.54
1417.48
1076.55
468.75
1167.02
1527.64
882.20
1108.07
997.84
1529.76
1204.45
1499.90
599.39
1794.70
1526.97
1407.30
1330.72
860.07
1512.12
1469.11
1660.31
1459.44
416.00
909.74
504.84
1806.90
1243.61
1145.92
1634.42
1230.95
1361.69
1013.48
964.73
1715.40
1537.56
529.34
1313.54
1255.68
1531.17
698.81
1446.58
1675.20
1615.02
864.89
1342.41
779.19
1260.50
857.86
1393.68
1149.85
1217.12
1164.32
1340.89
893.93
1507.91
335.00
1380.44
1334.89
1698.09
1273.37
903.91
847.12
1685.03
1433.18
1453.31
1139.20
1228.72
996.41
823.60
2092.01
892.85
1334.01
976.88
1153.67
1210.81
2241.39
1174.74
1422.41
642.41
1301.77
1242.81
906.29
1594.03
1392.14
1609.46
1948.34
1059.40
1840.99
1360.61
1604.87
962.24
1766.80
973.95
807.57
1687.27
1736.94
1497.13
1691.65
1402.58
1001.76
821.84
1110.55
708.48
1761.34
884.21
1315.98
1641.23
1694.04
919.71
1088.22
1109.02
1429.90
1385.18
823.32
891.53
815.70
1720.41
1770.50
1246.70
1692.76
1266.25
1726.71
1639.08
1171.77
1242.08
1031.26
1188.54
1631.15
972.58
1274.03
1515.09
925.78
1835.79
937.92
1000.58
868.33
1247.74
848.41
878.20
1402.88
1653.04
1411.04
709.02
1672.21
1323.57
1120.75
1259.73
1095.52
1632.37
804.62
1238.91
940.62
1688.23
1052.52
1132.35
1577.84
1379.15
1501.59
1779.73
1685.76
1546.96
1288.67
1262.00
1053.48
1237.80
1513.18
1254.63
1473.93
1025.04
894.48
1141.95
1109.10
1090.66
1287.49
1115.67
2032.03
1619.28
1379.17
1189.24
1204.34
1222.65
1753.78
416.63
1142.13
1131.93
1331.88
1032.37
1209.44
1502.77
1273.56
845.15
1079.92
1111.48
1548.61
1214.96
1350.59
1747.31
1601.09
1481.77
1280.03
1222.30
1515.66
827.11
1345.13
1475.24
911.80
1060.48
1338.71
1389.50
1236.81
1049.78
1347.14
862.98
1551.21
1441.95
812.02
1077.52
1646.58
1066.67
996.30
980.81
1341.09
878.39
1195.23
706.74
1038.96
1355.08
1547.41
1181.52
1123.94
736.04
1487.54
858.40
950.17
1081.56
1460.10
1007.07
1336.21
1450.34
902.49
839.12
736.07
1910.57
1439.20
913.60
1614.88
1610.20
1023.54
1600.37
1395.97
1745.83
1382.28
1274.66
1292.03
938.97
977.15
1906.82
1072.58
853.52
1672.46
1179.26
1056.77
1457.20
1055.81
1623.67
1531.27
1160.25
1216.26
1675.99
1355.80
1325.65
1135.48
691.61
543.74
969.47
1312.76
1000.79
1142.90
1413.29
1104.78
1328.18
1243.23
792.40
1615.96
1065.96
931.85
1297.00
1210.97
1089.98
825.36
1455.21
1418.66
1411.94
1520.58
1247.22
1004.88
1374.74
1581.21
1866.69
1332.27
1315.28
1092.27
1631.15
1252.03
1682.99
980.07
1162.55
861.19
1407.21
1124.78
1683.32
1074.05
1238.10
1185.16
984.32
1017.94
1005.33
743.12
1355.08
815.12
1308.56
1313.27
945.63
785.68
956.07
826.40
1559.13
1194.15
1271.77
1384.14
1705.58
929.77
2272.57
672.18
1396.19
1194.72
1014.21
1011.39
1157.99
1681.95
1073.93
1446.53
1038.09
1251.35
1699.90
1369.66
861.75
1186.03
1203.21
1199.69
1632.05
1841.68
1206.35
1168.63
1785.85
2317.91
923.73
1241.36
1094.06
1310.71
791.56
1120.88
816.40
1035.30
588.52
1579.31
1954.40
972.24
1184.01
1353.65
1148.80
1337.65
1645.07
1140.66
1001.25
1672.87
1123.08
995.92
724.77
726.41
1208.07
1458.54
1414.68
1471.72
1003.10
1625.64
958.89
1222.17
1473.32
1569.40
1049.79
1567.65
1218.33
1062.40
1009.38
1213.07
1100.37
1857.88
1405.57
1172.59
1821.78
1556.73
1426.18
1621.61
1963.42
1318.40
996.03
1778.16
1486.68
1251.49
1213.78
814.86
1106.19
1439.89
1766.63
1528.66
898.66
1470.00
976.59
1570.29
1353.22
1109.27
702.06
1160.44
971.44
1080.57
1259.21
1086.28
832.72
1054.85
1064.68
1025.93
1807.15
1269.40
916.99
1328.87
1904.36
1592.57
1429.92
868.15
1469.23
1362.93
1372.59
1561.37
1036.00
793.78
840.10
1605.24
1515.98
1119.33
1241.97
1420.98
1171.53
1495.57
1380.83
1814.72
1423.80
1228.56
1537.24
1119.29
1983.95
1434.91
1227.73
1292.28
1278.47
1313.41
1158.93
1266.40
1132.85
1033.07
1095.04
847.44
2191.84
1401.35
870.10
993.20
1417.20
1157.07
1411.87
1384.47
1102.69
790.14
1039.63
1352.74
827.64
1238.42
1475.86
1064.78
1464.72
1118.64
2081.41
1546.24
1185.68
1191.19
1452.90
1523.94
1348.82
780.54
887.04
2120.23
980.35
1155.70
1382.34
1178.27
1164.74
1767.58
1329.90
1658.03
1542.43
1380.98
1245.25
1332.67
1339.99
978.95
949.43
791.95
1658.04
1975.78
1012.85
1614.22
989.92
1440.92
985.25
1528.63
1757.54
1118.42
1188.51
1730.83
1026.67
930.67
712.56
1331.66
829.52
1062.51
1168.49
1172.52
1738.86
1233.50
1542.50
1436.59
867.62
920.96
1086.64
1983.87
1695.18
1108.03
1281.28
1092.67
1563.33
1591.41
1542.36
906.00
1172.26
1567.76
1439.08
1727.32
636.67
979.42
1226.23
1064.04
952.19
925.87
1561.45
1991.06
1395.64
788.81
1081.85
1346.18
1358.10
1295.08
1510.29
1216.39
1512.28
1630.96
1058.19
929.90
1530.68
1334.73
1177.63
703.35
869.47
1774.30
1063.53
1771.63
932.64
987.30
283.00
860.32
1266.12
1174.77
1735.56
1641.54
553.87
944.83
500.80
1434.35
856.81
1397.49
781.52
1460.38
1635.93
613.17
370.85
840.04
1331.03
1448.61
1685.30
1202.16
1108.07
1195.74
1241.49
1123.13
1346.28
924.52
786.17
1417.98
1934.96
988.36
961.08
1245.02
1695.94
808.97
1166.19
1155.61
1458.21
1385.61
925.23
1275.30
1013.64
882.62
1589.33
1313.73
1364.05
1290.23
1328.80
1402.91
976.06
1512.37
920.06
1008.89
1628.94
1307.68
1027.97
1257.44
999.29
1187.16
996.28
1075.69
1562.25
1577.63
1532.92
1124.90
1115.73
898.60
1146.69
1677.09
1127.51
1323.16
774.94
1196.06
1539.76
1140.45
1111.97
1531.16
1377.68
882.45
1379.32
1407.87
1635.08
782.43
1231.52
1159.98
959.56
1765.84
1343.49
1111.78
1009.52
964.12
751.18
1318.83
1242.41
899.81
591.14
690.64
1516.70
1233.93
1370.38
2324.49
1383.33
1093.91
978.75
855.99
1806.89
1453.97
1011.21
1236.10
1046.46
1301.49
1284.47
1566.79
1126.43
1248.30
826.64
1739.76
1482.92
1352.50
650.14
577.63
1338.97
779.99
717.33
1259.19
1616.46
783.12
1344.69
1565.74
901.70
1497.42
1409.43
1090.65
892.85
1226.50
1088.74
1075.40
1081.26
1166.44
1472.44
1317.97
1112.37
1662.57
1242.21
1455.06
1143.13
1424.27
847.59
1215.81
1300.76
1157.30
1589.69
1582.33
1502.52
1267.00
1057.50
1765.71
1266.95
1321.02
1710.19
1125.53
1034.82
1159.98
1639.72
1640.94
1640.94
1017.13
983.10
866.45
1091.82
1919.72
1088.41
713.43
1333.18
805.52
1566.72
1982.84
1001.88
1243.52
1580.86
1026.00
1126.90
733.15
1793.94
815.12
1323.76
1737.44
957.07
753.94
802.25
1360.38
907.18
1815.54
1201.66
1260.04
1644.29
765.02
809.44
1658.07
1316.33
1361.95
1608.81
1291.71
1184.70
1466.41
1429.30
922.08
998.78
1134.23
1544.90
725.72
1660.82
1380.75
785.36
666.23
1203.53
932.17
1182.83
1693.46
1250.79
1031.29
829.68
1127.21
956.28
1409.13
895.75
881.59
1691.54
1308.58
1535.94
836.12
778.20
867.30
1188.86
1879.10
1554.55
548.17
1545.11
1485.59
1432.54
1064.01
1213.05
1441.60
579.60
1489.06
1455.66
971.66
923.46
895.94
766.16
1483.33
882.21
1639.98
1422.69
1178.88
879.83
1558.60
1054.20
1248.34
1594.71
2013.45
772.26
1152.33
1094.71
1325.69
1153.32
1472.59
1351.81
1162.94
884.73
1566.41
1286.02
1774.78
1646.14
1763.49
1319.30
1204.55
1655.81
1302.37
988.41
1337.46
939.38
1246.24
885.51
1321.18
1415.53
1299.03
870.00
902.20
1000.20
1721.95
1023.20
1750.79
1459.20
1665.28
1442.40
1068.02
1616.91
1478.52
951.88
1242.66
1474.18
960.67
1449.09
1545.44
1486.73
1096.09
1458.79
1046.14
1213.94
1852.12
1670.82
1238.54
1730.98
1338.92
805.63
1584.90
1230.71
1629.06
1160.83
1850.12
1397.61
1370.41
516.62
741.52
1077.53
838.64
1104.86
1676.93
1330.30
1104.76
1526.70
1149.57
1264.62
145.24
1121.89
1951.21
1593.76
1724.99
1480.46
1152.40
1247.77
921.48
1373.37
1107.52
1769.92
901.90
907.75
1307.80
1113.81
1696.12
868.22
758.16
1468.12
1653.24
977.14
1506.31
1948.87
1707.54
1403.02
824.08
1523.29
873.96
695.56
689.07
1350.16
627.68
1383.34
1387.93
1548.22
1094.74
1737.85
920.71
982.32
661.17
1648.08
2032.67
1041.29
1457.80
1312.07
1179.64
1301.05
1312.64
1806.47
1003.10
1479.71
1139.26
1426.34
784.85
1237.28
1516.95
1022.62
1820.17
1154.26
2079.03
1365.76
1148.75
1452.80
1379.29
968.68
1636.59
1225.88
852.84
1354.78
1742.90
1251.59
1014.50
1118.87
1071.96
1539.46
1003.11
1598.75
2071.94
836.11
1331.79
1077.07
386.20
1116.37
1766.35
743.76
1391.26
795.92
1410.70
1105.74
1696.33
951.84
1254.01
985.05
1290.65
1051.56
1558.23
1669.75
2088.37
1194.36
1241.87
889.53
1675.18
1492.49
1518.10
1187.64
1656.05
808.22
1378.55
508.88
784.26
1175.31
1124.78
1360.53
797.49
1572.22
1537.79
975.03
1680.08
530.15
820.98
1323.90
1255.69
1053.01
914.04
923.40
1399.56
1710.40
1551.41
1503.53
1136.82
1393.07
1506.35
1299.20
1319.68
1735.73
788.76
991.11
966.55
846.84
1650.92
1171.10
934.28
1420.00
1098.97
1262.34
1160.00
1160.51
1626.28
992.56
1789.74
1297.98
2246.51
1689.37
1043.93
453.53
1245.19
1480.07
1465.64
1036.53
1654.37
1191.05
897.66
1109.18
1696.17
1070.84
1069.34
1289.49
1550.53
1537.55
1000.60
1890.02
1304.92
1205.17
549.02
1047.95
1169.23
1398.90
1553.13
1467.56
1068.49
535.00
860.14
1590.27
1115.38
